95399
45835
17718
23597
83669
1615
74784
12012
2265
48497
49281
15250
55417
33442
17848
51589
22952
83376
23502
73826
60188
75279
32531
22924
12919
70557
91807
20182
23379
38655
3066
15984
85428
50726
6965
29805
11091
84874
66577
78448
28156
83351
88359
51030
85219
83000
56985
92110
40402
62093
22811
90016
94537
36410
37390
8316
58265
40924
21561
68373
87686
62349
60603
53390
79370
75801
18559
75642
82358
81470
45966
98760
1048
41967
92843
90699
97010
76417
70932
38295
57865
38934
44003
47426
38277
31866
68068
87776
77554
53181
96642
14221
27912
39738
19703
67323
52640
13738
66506
21090
4614
94114
76389
55722
73367
83534
72673
25515
1833
70804
32179
24695
90909
60679
60988
97922
95218
8737
26180
55296
1754
29423
19078
7288
8868
40220
81609
70366
11220
88492
74738
41068
32136
45938
52141
72613
765
93980
59851
68573
62060
70720
51846
67329
25198
67483
74170
87091
71286
93873
1605
32512
98719
41496
51395
67532
30565
7884
454
36
32921
37528
13226
76721
27687
43103
44095
98939
75552
6329
13635
8683
95090
15086
6605
98432
78892
42998
88774
17768
28505
35254
28642
98584
24500
5873
83754
67361
77116
80107
32129
59040
43265
79010
91490
36873
54474
15169
28207
709
76257
17266
15872
77816
95009
9829
4756
86889
60789
32808
13698
86348
75576
55554
45800
36520
70377
80302
46391
66855
76361
27069
35610
95970
3603
92773
29088
25888
96111
1127
14672
18272
41811
67680
54640
74819
70645
36801
33955
89279
55228
19283
55194
78057
91792
52840
80561
44984
27003
87161
82172
94709
33745
97488
12276
24923
22720
8676
23121
11116
96062
29018
77370
45002
85489
43678
59469
97789
65964
72282
58981
78200
78528
42473
90700
86395
37356
97864
72727
30791
44160
44136
72239
26685
1304
36446
96385
49258
84310
61855
35596
13745
12204
15873
50721
82623
38531
85757
41831
59976
38093
18233
30428
59649
39356
21701
3707
72522
46223
28304
88302
49191
16179
59110
80514
41523
46611
61832
42284
96323
59131
80711
16790
19962
64380
10299
12197
945
28592
14809
2438
89880
19507
76407
75521
8473
32225
87914
29310
89178
32058
72586
59888
22703
98699
32254
43920
59550
15751
3350
89942
99516
12886
2421
22746
39927
65036
54784
81368
13036
46436
79068
7754
44929
13822
78887
23825
91160
46796
60443
22524
30684
25336
70677
56032
95633
56112
26815
3075
45945
90838
86691
61876
50233
15930
25866
68242
97815
74928
41753
77002
68639
3893
61111
63994
72452
83280
32560
51535
37635
5452
26088
76558
86657
96934
77748
12165
15425
89726
64963
3742
11696
71417
79337
70687
47017
35976
37787
48031
75172
11090
34464
88683
55579
97322
30138
75705
75402
75226
68447
93375
9543
30398
69802
46212
58733
36062
14325
7199
87671
43539
41689
82869
97638
46846
24066
1475
28016
70405
78470
44321
79348
87789
89206
30149
82327
31084
8649
30680
98681
30044
96193
84443
17141
28337
45947
38319
69646
23654
60484
42273
90213
35701
35702
42002
3976
43549
9728
59802
58978
2597
35449
66316
44221
9655
34989
91071
74769
84134
27842
50671
97201
5074
73677
15153
48311
8250
21558
69359
99541
82336
77143
18825
83474
68371
76406
25900
23677
90862
51153
75418
8057
14292
55131
93145
92742
2564
25766
28076
42074
19549
8433
23845
35833
78819
51391
14367
45826
69757
99430
2584
70281
94864
97284
95367
29556
81642
43209
4739
28176
90237
975
78624
8710
38153
62511
65460
54481
20868
93423
67859
25588
36199
90713
42303
52623
41243
23667
77170
76586
56514
39270
51533
22725
82924
70343
83059
56661
8417
4338
98283
87361
40685
11504
58259
78115
19971
25303
14383
53675
70927
70690
68180
62520
62826
61435
7899
43403
34973
82160
8512
24126
59312
33758
96243
44040
60918
54496
25865
40778
90693
21427
6729
23284
21577
96551
53618
45915
24091
57050
67223
13009
50246
75952
63655
37228
25562
99294
73369
70995
30408
26630
60589
28553
50242
66993
54165
63314
88995
95999
37444
57005
8610
74591
27634
25407
77086
37041
21813
1316
75235
78437
75173
8250
95914
97549
93089
26049
3273
79596
47839
99542
37822
10813
21988
80127
81285
28550
97038
89029
68284
11537
16881
81151
45373
48808
48078
96379
69322
55552
56461
77479
32905
62073
50832
1496
32835
2598
78084
43699
68803
53764
48754
35816
30286
62856
6487
97991
47061
94889
87943
11398
46116
49795
92862
18057
12018
67603
68749
78626
91168
79512
36871
104
20465
46088
11339
51043
35627
15569
88024
40752
32851
56731
4751
85585
9130
2681
45543
14115
14226
5989
52940
48645
12316
91938
77809
66907
89012
75899
5779
30144
54271
62602
95886
56769
41077
81648
22171
48396
33870
43084
7366
11478
31676
89405
6355
99715
22279
65884
79240
13048
43224
453
74073
14815
89363
54858
13917
80867
75764
3304
72233
88892
56115
75354
55012
72075
97278
7376
17996
94373
84746
17602
51590
24241
16925
60804
97402
10410
51388
77205
77308
30074
71438
3939
16302
46361
85179
49176
98389
5223
97129
11596
78932
48496
34837
30438
47659
25177
22233
88163
99024
54803
36455
49784
41226
55594
9609
72520
74515
65693
26052
52024
74019
7299
42696
2584
33438
21336
78939
67069
99984
52580
54327
72416
52704
34673
24742
19640
31027
52270
87928
22292
36921
81061
9543
68473
27128
52343
45205
32206
9408
60791
98689
53362
66038
10550
62298
29544
62889
13749
12392
56157
14793
82831
20497
93988
68132
29698
44563
73948
52496
2905
82882
19516
94748
55754
21767
95388
60115
35983
79225
6904
72241
6672
33688
9881
16525
12099
40770
10445
69656
87025
84212
89914
69893
55170
19268
32181
78603
40126
96898
62878
60435
24538
73054
20003
91861
2867
5648
43498
62812
51858
98059
42953
91059
46695
68986
41672
43157
48721
74969
96202
10374
98520
56338
37940
36059
76843
8734
37761
60412
70348
4753
26300
90148
56524
34700
36142
71632
24617
96839
42785
75665
93862
27316
71379
73000
33523
38985
16154
24491
41817
67275
41682
84694
37176
857
50265
65288
96841
4352
43865
94242
1976
42719
35444
10384
71570
37981
52518
20421
65650
47707
12046
22019
81289
29970
37473
40887
43019
60075
7486
72162
77437
89629
88931
53542
1901
4093
7216
38917
73698
38515
30785
44292
61390
89736
20948
73114
86091
56843
76551
40951
22808
39772
88812
45196
96761
54642
28904
25160
66665
98206
80052
74780
85091
99945
8703
50343
76069
61618
95469
31104
80874
64421
17875
93898
67037
18697
15494
38383
57483
1195
47365
64195
51910
88445
93942
96469
60711
74508
3457
15551
55043
27615
31248
45276
25395
95450
38492
19635
63834
54013
31253
44983
36071
55651
44181
81423
44287
58716
12872
22440
35164
64367
17467
53718
77460
89156
30129
47726
75635
30117
84698
54718
58743
10886
56973
67061
41197
32260
66014
52531
17283
48160
62803
14400
13034
33643
127
18545
50177
30459
99155
43223
5272
5812
24570
85677
44979
2850
69385
79143
30285
64492
40695
99318
60280
12702
21048
89314
65965
23038
31911
94556
59930
21681
35111
55819
13972
98043
19940
13577
80700
82712
14529
50948
94571
87073
71266
98056
81213
97313
93419
22357
56051
31704
6924
93460
2442
89252
25201
27510
42147
32447
95580
60846
25822
68987
35510
94999
34754
64722
31614
73111
15888
79353
60386
43538
1894
29426
27552
25904
13462
23837
77511
32793
97566
19300
52382
43887
2548
6333
58899
3351
50289
50375
90778
90841
21067
73085
63758
32479
55045
14506
32320
90914
47905
6745
48610
17455
60413
52363
37316
31018
67308
39722
52484
21954
55112
9705
340
67454
13596
68185
65075
60432
35295
87952
32792
29110
50085
45990
20440
25444
17904
33585
25356
36752
17063
17125
34955
4196
87866
56431
7946
47584
75902
41475
5137
60983
34989
25509
52067
11453
62230
19893
30714
53935
19945
74662
88325
57716
18646
82942
36580
43755
56664
79698
96610
19614
71388
73934
13288
57334
50537
35249
47848
53272
51534
40075
13412
60757
37446
92155
46873
21718
91277
50008
12987
95960
50065
3338
63684
52795
38998
45545
9065
95948
37613
43218
28457
30354
3465
24764
10200
42820
74625
67255
77474
24181
36970
39650
62112
21827
41167
93154
87118
7048
47112
71347
75229
34255
20726
33670
53997
85364
74616
82012
77936
38909
94651
63908
14234
72816
75408
50644
62598
45292
89123
88903
78705
64747
49218
86302
92467
68958
56197
43641
11751
30405
94329
1898
14566
67319
98621
99559
17883
49475
70420
65159
87457
26462
37983
30561
56736
11116
10737
16722
43749
66675
27524
133
83352
92381
82737
66610
27414
9559
69194
81630
5763
39106
39179
63877
41383
65001
23480
30620
25684
53200
96058
95962
66641
92048
71489
83045
17861
80141
36654
80807
2163
26994
59779
73198
36566
79053
41528
17476
37237
84776
53371
63939
95029
16088
94719
38212
20352
67307
21068
93183
40352
67877
83866
57069
89758
29393
96910
65709
19757
59891
39614
59685
16451
13233
92580
67445
79063
76261
61714
75950
20046
80363
19657
35936
75695
17666
81131
76146
96880
70085
57725
56877
9741
76338
89417
74036
85821
90130
99120
58107
35416
6235
50600
78595
46647
74716
14238
41276
83917
4108
58455
2718
98226
4654
33376
19139
49161
49413
74682
46241
13626
52771
10440
8559
9571
94967
46582
6373
50407
16136
88947
74577
55235
83343
89750
30156
76980
16643
45396
89570
489
28711
24183
53577
36623
23778
14671
79712
91982
90295
75908
32491
32640
20942
44169
7288
97857
50321
92825
9941
32350
74368
42934
19434
1591
56002
37596
49821
35386
30063
3961
50013
69627
92025
41484
86978
57632
83870
3949
63843
77785
85338
88483
94541
43360
7107
59885
98153
42558
22686
89888
12440
38258
44265
9910
38493
2993
29169
79296
38699
2648
2185
19224
17620
17084
80756
6531
70555
38399
66094
61333
68642
81994
23580
39885
44960
76978
86454
41431
69520
65492
71268
15063
23500
80804
48555
20592
62381
52397
3751
22167
68213
61630
75046
26830
83579
35604
33245
7866
32732
19
27647
73271
1348
29943
44589
12408
19754
60788
86089
75101
21596
61852
24177
88820
48478
14014
30828
5787
51399
56151
85125
23675
6257
43338
63478
42156
8584
30035
39573
94
39902
60479
74318
32988
29009
6190
78074
11441
91320
54701
48712
68112
43152
79515
55444
29424
68964
1083
31016
67351
36414
73667
9797
98887
35718
94461
1471
74212
94813
51765
63111
52154
17310
68200
27552
13557
17446
90834
7913
20952
8548
51558
53007
12246
3263
30269
1934
23505
57430
50515
35745
44675
33475
96572
19962
91821
95749
91311
844
92752
22333
58987
42110
23820
69054
78367
26293
36125
3051
22652
92117
57116
91341
17470
36849
15779
57905
21921
30651
37845
7231
65105
83978
90413
88280
87415
6255
20081
31372
24968
15205
40233
54366
90276
73694
17879
22766
94233
58695
25233
98652
94336
31443
83635
34449
23939
63984
21093
44967
23153
16369
85300
85113
39918
89988
3193
6525
50862
36438
35150
79960
55130
15906
93483
39409
80047
42983
14262
19231
48062
83065
73583
11637
79273
30774
3428
21201
78612
77361
71355
7434
56463
76382
35745
45945
34209
79925
22533
4427
46367
38809
71627
32342
22074
61553
82781
79947
60763
23979
73180
93040
43067
33832
30843
59066
63236
40532
94184
20315
96489
66466
4200
9202
92168
85881
16604
6557
22797
70582
19737
43502
29055
75956
99959
72839
81320
19605
82512
68501
87929
8
71312
58331
82346
82203
43625
88680
12159
61271
66823
30289
99541
32511
7232
17624
42469
87949
83017
95527
64764
13954
70963
5485
79949
86876
22358
95896
62921
68557
28359
62093
79529
29456
71157
93611
23769
35174
26075
11182
70567
4425
77815
41228
20956
15710
54770
86939
19193
55049
46834
3169
18013
86677
4467
58931
1919
14636
76623
39128
62668
6695
24598
74604
32520
84085
38483
16457
98234
68964
89029
30817
29439
96434
81926
96861
99338
56375
48257
34090
37930
33193
92810
95034
71504
62614
84681
17611
63989
83764
27122
54946
64072
1595
87830
29669
19100
42281
86344
61013
32056
19440
93354
69181
95710
71600
30660
6612
29663
37971
978
71600
25807
68766
30450
81048
56364
53516
40080
54819
55311
35643
64479
83848
96070
24206
16853
44550
50596
40717
13697
41796
19901
18139
53745
833
55310
32576
72077
13504
19555
11850
90280
91747
38976
56278
43279
35291
4960
52237
25823
39321
97040
86781
64372
2064
32627
24165
27562
23424
166
91464
45736
47251
36381
19252
68796
75094
53845
95361
46641
16867
85267
58793
39521
18429
87707
89691
13049
38529
14861
92247
90257
93094
49417
9446
21583
1965
15341
44547
78661
93291
2893
7634
68546
23215
68136
91384
55439
60314
8768
31575
5761
28226
40682
16096
27155
41340
48958
13122
52543
26364
13654
48206
19203
44283
69816
99618
58505
55311
32491
89935
27347
36259
89142
72186
58560
79642
42741
51471
55983
6732
94881
53310
56678
55703
12068
50188
90720
24798
32017
50939
7931
4485
53444
97374
97309
58066
42927
5295
88913
53341
79223
69618
28242
4356
33927
88063
5073
23075
34954
30902
45106
35368
81172
97877
71043
54979
79920
85837
23188
28037
5055
11689
29533
86233
97037
56600
45369
43201
2142
98055
90065
67166
85307
74590
54221
96027
98695
5672
17343
2283
92966
71096
3399
54381
20305
27145
6403
50568
67562
68705
73660
89073
69436
4591
89114
68641
46047
99895
17385
68740
99295
98462
9966
68012
14374
15343
34263
30381
25210
41672
72507
25758
26014
78858
16882
64501
38727
31255
67378
68385
54147
1780
71262
67667
55897
94902
46957
21283
42207
81305
87478
47623
85741
98751
14277
35636
87099
29854
94111
63889
94570
81273
88068
16303
30558
5033
14806
13865
11256
23768
86781
50944
86174
71256
77313
62891
99932
6403
82050
52487
87181
25012
63284
45856
71627
77148
570
84967
46339
19724
51802
29903
55229
51473
34199
81574
44300
71969
4956
423
35217
78988
5483
49445
27215
44395
17262
16727
55194
29098
19521
58089
26405
26745
76906
82177
6635
96442
58652
64738
58833
27234
67969
77175
22827
34127
97060
90107
92511
57529
59861
37686
48565
435
80091
90046
34724
51533
11241
55741
71555
62972
11374
87073
65620
85617
45442
11601
70911
91275
99710
26021
39770
58389
47857
15173
22214
52658
39733
55877
89559
7064
16990
30148
80464
34033
60792
50134
78566
62519
2448
3942
78080
48052
99408
54194
68825
50208
46226
41304
20868
82778
96824
1787
47099
32585
34555
43787
14928
65185
34569
59953
32027
49179
46181
71484
8751
5437
86122
73857
75790
41891
98092
46939
84769
71361
73676
91291
24097
26556
78257
81880
70358
66873
95090
26736
71004
75794
19503
51610
10737
11561
36794
36862
17732
69483
69173
54781
38144
51794
14452
47376
33165
24500
32260
59745
84210
94933
88899
20652
36051
53906
14692
28499
26184
23113
30553
73871
53335
33971
79732
24012
10669
50200
57435
81431
43004
83404
81655
90865
91725
24539
57713
1697
19744
5823
90735
22456
73983
19839
53429
38884
93381
19645
47068
6530
90222
97998
64468
74259
50485
19796
92014
56880
5884
48633
61073
71735
41190
38334
42303
58796
50235
48747
20276
60425
88920
85380
86187
32371
95814
23519
23552
53906
76182
27110
89289
74678
7951
74524
18399
67898
71778
60208
3214
1523
94876
35376
53164
32510
23293
12820
64925
58083
52754
1279
28567
6311
61692
68879
28294
24204
63615
9173
71235
42297
18170
98770
58538
90841
27652
73505
8577
79453
91319
51880
1531
55260
80326
95050
14861
69159
63877
55373
74564
64812
78874
12369
89001
92442
57304
59412
62028
26011
64565
39938
87503
50718
46815
69238
63423
30299
61942
52633
59284
75809
33356
19350
60226
71379
99602
55463
26785
54721
79064
70457
53077
35097
62633
12077
42193
34415
79280
91059
7558
46573
30440
70104
27903
63243
45727
15482
25534
62874
98091
60660
25810
62527
66512
21736
81299
44986
73672
40736
51419
69145
70391
47359
79983
61262
82981
89563
3831
92236
1882
79422
1449
37064
64176
68843
16218
135
7082
69133
58962
49996
6061
83627
26791
11334
19027
44716
25179
85909
20607
90424
9719
62694
58083
36332
85071
13753
1681
17195
38409
61759
92004
78257
34849
35470
49059
61062
17782
62483
50300
67327
38084
41119
98418
8987
22476
97061
53137
38410
36996
69154
44446
35347
82826
80795
51593
16732
35900
1786
19766
72921
1656
15624
2633
23986
93962
48531
59544
27290
59598
32224
4737
83474
61651
54395
5401
49118
73373
75386
34879
4553
35007
99247
64882
5239
67299
4535
96415
78153
50840
98778
81252
75944
6800
52139
1944
50606
9453
91170
77064
43949
71542
71418
25610
89777
16901
15555
38990
62199
27295
84629
75772
10196
37013
47041
98875
31063
94731
27353
68868
67379
43407
85348
13371
51010
69242
63869
76642
63133
52443
55801
98072
39510
9552
54393
25464
87146
42452
38858
98657
95444
82949
15111
2872
17328
68336
15517
20976
42859
26765
82326
17621
1258
47975
61136
11583
70409
9790
94628
98938
44316
95959
87355
87386
94444
82284
88581
99253
65862
23484
97417
96818
59545
8855
150
21636
66338
51850
6223
34318
50748
22545
86856
35862
10251
37898
98752
65903
78710
63049
12225
3797
98345
59353
96574
70383
39540
64345
24659
67233
51614
36927
70538
29465
76536
92298
42030
20379
13660
93435
72807
21135
5408
25675
6190
37063
87199
66129
28907
91095
59979
71530
26737
85898
70599
77207
31097
76318
33976
84881
7699
97860
70076
60875
54679
47915
95217
12624
63887
32349
57919
98215
75155
41112
65802
51411
27900
4836
46024
110
68499
19150
86649
35449
65381
37735
4718
57502
23172
49942
16722
68377
45962
83631
86029
64241
97206
5269
85938
69900
83611
24819
94532
5521
38917
17403
65947
21655
79494
31162
6394
30814
76670
53542
92195
37392
76110
94726
45689
37059
34819
76640
51822
16722
99628
58958
96477
63296
60144
40355
79800
78053
33693
44218
97813
26839
59855
96860
24443
91137
69510
93781
31911
65972
32347
59378
25382
19475
31293
90761
37689
11775
60210
3129
90047
74015
52067
84782
24082
17279
71164
54865
60835
22325
79063
10772
53068
22194
42839
72655
65105
80437
53361
6738
67839
21292
4454
39659
77221
10520
51722
33686
98470
32618
38218
87734
24452
47057
26141
43144
17091
55096
78652
13348
38740
82933
681
82777
5360
23188
32871
97105
22249
49085
96616
48355
88677
93393
44252
24614
29253
80296
67529
64022
55695
41446
66104
74171
6407
57722
91431
27121
62116
16419
39424
63969
85226
93125
4318
54192
89192
68488
25467
76231
53328
23011
59375
9341
37624
41304
75719
29062
84838
55344
99384
67048
72065
47893
19078
72962
25870
28523
70013
69555
67869
11851
86154
10130
97104
37882
10520
48301
61286
40746
1023
84887
74134
87681
27854
14080
86559
44260
11720
60795
17447
76428
96093
37419
88991
4544
56792
7182
30709
90348
95082
44872
39816
46544
43645
97699
18057
71819
72741
19736
72294
6895
85855
48648
48874
57732
68599
89066
41026
14665
29657
34662
29366
25263
98063
31279
40811
16428
91869
87302
79273
26021
6406
7016
88913
53279
64326
63830
58717
7430
42181
87863
41202
46484
82806
27020
28620
74317
96734
5256
68613
46363
47019
80374
71397
19089
32603
8085
19326
12175
14954
92488
5902
54654
5387
79744
30899
44387
78711
54362
19538
42280
38913
19136
78088
92788
47956
78204
84662
1315
78333
23046
87073
86695
81738
22093
52698
74092
83007
8591
95877
14477
72993
29098
64989
87435
14808
75282
75582
29286
40950
30267
22794
17621
83531
10198
6931
13676
97489
19723
10525
33240
35754
91246
83265
86813
91089
49931
6767
20281
76569
3820
93970
13153
65801
57326
60167
27501
89541
15072
77207
58234
66792
21215
68988
9262
25466
62992
25546
20583
30465
66483
41099
51956
41038
16095
40787
33354
2847
94563
49819
27412
60889
38836
81907
69492
92533
17438
78258
6396
49726
21687
88526
32321
93327
94144
54936
44645
72924
28558
77767
55798
71574
89452
84257
75829
74322
77105
91058
23122
66456
99991
92397
74256
5691
44339
88913
74247
18312
46427
81132
26155
84134
4639
26528
6237
23393
58928
25023
16559
55095
76320
60508
84990
93794
76369
89497
17453
34500
26641
33689
42283
21663
65299
29992
57298
60556
81319
22422
75789
81290
39022
19686
64169
37062
24304
41821
25120
25740
18081
23141
15674
7999
72269
62778
8742
88866
1752
18089
30722
23737
95306
23164
36057
34227
748
5790
46299
36498
21244
74665
7691
70620
71023
52734
62664
7773
19906
6127
67461
68858
99405
8549
83744
41526
60685
18694
25959
10152
90704
22557
41074
1596
60693
33576
29837
88506
94241
24714
7178
28558
6570
12454
10873
10310
34687
49514
37770
45459
93448
40407
15585
25827
96339
69435
41161
5263
16382
4807
72226
4742
9698
10382
36524
22037
94530
91424
23801
20679
8002
9166
29659
33026
73186
38265
15176
22926
99013
6550
29456
76826
49694
35951
25679
45034
90495
26016
75229
79615
22543
12496
53768
287
82452
7835
57406
32811
68749
48364
60280
34555
18470
83367
28953
38177
83922
6724
10908
34163
87375
69244
97183
30012
91868
91389
89637
22163
43717
72006
48741
79508
77067
46685
23600
47056
5127
5860
65409
69806
2421
14202
70146
56739
11096
37346
88213
13988
51249
10473
91428
92376
26951
14709
28204
73553
89550
31093
19751
29995
26716
26443
36442
25890
59602
41568
71525
45638
60216
90235
65533
15214
302
14286
39545
12395
62026
95599
59023
22454
27257
78188
32642
29378
66192
67346
141
68291
26277
10838
93150
86233
35147
11046
42152
90034
42616
20476
72862
1141
35807
31030
10111
3472
2625
71830
62979
59793
2823
76189
92698
39629
14569
48614
43056
98949
98970
96769
86108
28426
58177
90985
1099
61068
35112
66645
89896
66609
83147
94073
84034
31047
20870
2479
25948
50957
11643
26622
33057
2724
62533
91797
60514
85062
30692
65719
43802
71355
70071
4046
77754
1511
2613
42547
83962
29568
95230
51513
63162
22981
56458
39828
70046
79641
49153
26345
31553
81737
49580
25322
60953
54772
88909
29045
62256
46049
62066
61336
48759
87176
16423
67134
59387
90173
69783
42820
95877
85027
64123
43992
68411
5261
72484
26258
26308
48843
99010
97148
7294
10961
46652
74865
46573
92234
72682
33850
255
30588
47118
29719
11896
69256
8396
12385
95669
34543
33455
3487
19696
34221
11548
46714
14975
77956
41558
15001
18875
33238
77855
20328
82878
63780
83925
64354
69360
96689
99301
22735
54069
25541
13464
9335
84390
82672
92186
7081
1531
10196
86780
83550
82046
53612
24094
10461
28146
61619
4282
69407
39337
79880
18137
80967
93792
12443
30337
64450
14826
26644
74288
25534
70102
78221
30848
34384
45897
42125
6553
87609
51965
15705
60806
17072
23909
81311
48810
72882
99056
13922
11432
46442
96232
58347
89598
92580
60625
92513
21701
73233
15501
67936
89542
43841
74821
53060
1697
42147
45071
52442
54235
2048
7182
40038
71732
80774
15211
20939
5082
4850
18858
86237
86599
87998
74293
91680
60211
81657
61180
76496
91030
94284
36696
94233
12130
50033
30849
15210
47410
8898
74046
50577
12355
67004
63539
53959
87840
14080
34467
43241
49121
84199
98375
64783
58769
56851
50483
73805
15269
3654
69762
87060
76779
48839
86125
93308
63588
76467
42202
82753
88764
17558
29097
57026
71733
11763
9690
55917
76002
55870
6752
60713
72583
25593
88540
63262
22601
45898
71798
18743
17158
18116
28501
81131
84782
44495
87894
66499
96991
82689
92699
2335
56388
79129
76490
9574
29085
35379
82779
51001
47117
21179
45582
50741
1798
21123
77357
46809
47398
87644
29095
18967
93322
11679
85544
83658
42524
25404
21543
75592
54805
8929
69211
41251
56033
77067
56568
28305
88160
95326
78482
40744
67263
21001
17851
84245
8710
81889
5568
59224
66269
89103
55954
94178
52903
83769
2139
55085
46025
35510
55450
13551
1071
24348
61077
50259
64912
79691
4840
18105
55305
17063
83411
16042
98621
61284
87900
40608
2802
89170
4976
47759
71158
32721
13795
78279
34288
27645
74480
92808
78046
357
18743
20218
47532
75490
92209
40107
24684
89971
36001
9896
5108
97245
73339
34137
42557
991
79673
56149
77316
30038
53216
96017
82505
19077
64091
37812
35677
36098
34587
37813
30354
44088
79254
74906
52925
36774
42857
84272
58808
30736
75515
47461
36913
84826
69274
48366
45389
2641
75988
32214
21969
81654
69020
70274
40706
29582
56672
88291
8339
20475
11260
22840
10071
95996
48767
56062
40085
50319
20305
10588
44889
11041
88649
4212
39509
26698
58320
13079
32301
33314
25837
25745
69502
71487
93864
33046
45727
4105
40486
58140
80333
16182
37892
32267
5670
78418
26232
70079
60101
68957
61258
31744
58560
42641
94987
13715
42005
5569
44483
51210
59834
41658
24885
96185
55837
58025
39573
51559
10906
97774
56641
92625
77210
52487
85934
44207
90956
1380
33044
9473
94962
55900
82105
84023
48641
62038
72744
48104
35324
42064
35746
51941
8569
76656
86912
14332
47266
43307
89384
67737
88439
32957
26296
5439
70334
37669
74931
80605
24387
35963
87160
4371
1777
74276
50367
88816
52096
19781
12730
99172
38956
69374
31348
94640
98709
99566
35290
28845
32962
73557
49708
33547
67358
44784
5791
15248
83178
76430
94884
45959
57241
48776
66810
6718
60318
947
77974
42714
60631
64397
80111
52634
10610
5402
5189
36998
85888
7382
29857
98756
14896
7525
57539
1633
88556
51514
65660
36752
54168
63483
96464
22475
16647
34061
24056
3716
97402
37959
31661
65896
9620
61634
18235
85333
22887
37267
40258
92264
69480
53640
5705
46877
1112
94134
1926
29795
63319
79892
42501
25746
31258
26166
34900
2691
89
7739
87139
44974
1022
57342
97328
88772
16279
35280
29920
7580
30544
51327
8915
23179
42359
79436
97587
48208
6471
47025
60868
12333
333
24700
65072
33007
50732
556
64887
95728
12859
28176
3877
50360
38711
38974
69329
1443
22590
33649
67455
40136
45894
96030
13108
47268
34512
61920
92685
71263
79656
90420
52767
94053
46282
62733
52327
80072
7437
42842
32221
41912
97350
26863
16392
98655
72791
51938
28529
76016
51719
12565
79348
58224
73582
40833
92913
17576
67839
80365
62350
32111
65316
24555
45137
87767
32395
43380
90813
8355
27547
72808
59541
53515
36793
64303
8801
34268
38740
9481
54361
23952
92893
88922
16342
24564
66542
55196
47756
38345
41778
11394
7911
92949
73369
80178
91042
23505
84463
18670
50198
77783
52286
31658
41650
41093
94908
66003
62039
60024
17303
91674
10360
71127
58065
44074
59886
12851
53563
81739
69643
99177
3675
53564
63896
50452
55921
29533
59473
9862
33062
90777
10962
70525
74523
76018
7717
47524
17934
2999
24057
65595
21825
58721
12633
76032
58317
51435
90522
28275
65018
76008
38704
85490
73247
41978
21872
67124
79898
21498
50170
27604
39374
85621
46530
68613
98301
55307
27673
13382
45143
88024
61296
50924
72668
37385
65215
18073
9041
87230
85772
94994
12371
35447
37078
96437
78254
61159
89188
81624
78754
84391
65326
22964
65763
5575
61917
77691
72216
91939
52700
41659
12681
79131
88359
64835
10141
55171
24387
26095
55747
15129
34829
67590
11398
91392
76836
70372
34284
77717
39179
93381
94798
47699
40747
46499
47889
3349
54696
88943
33785
22610
10512
455
36625
59913
37194
6970
63422
15489
65628
28925
10039
81880
12489
96966
92445
87912
26782
76139
99968
9046
2416
50542
38589
57057
88174
41885
66565
57617
57439
51911
75721
74284
16028
31240
8888
62828
97439
82964
50059
99552
65931
59663
53825
56993
49100
54444
10424
29429
73928
61690
1947
98987
3517
14242
81471
25749
6326
2340
29905
59293
68630
80564
5088
92160
41134
85250
69410
20786
93331
83794
66320
95323
2714
20499
44382
81721
83158
52394
4094
46950
30151
69872
87310
27407
3325
28082
49655
80547
34402
84
84117
56402
69979
14716
89212
58036
70176
23694
69022
61218
11082
45176
86203
41163
66460
75232
85126
54837
48254
33236
59682
14350
70533
1409
17045
30502
37774
40347
99976
78548
80649
94927
21598
33191
71823
13852
20629
72509
67939
91566
98352
8342
94331
3749
36169
82558
53931
64902
13961
81161
66874
44603
7718
51823
10487
44776
58746
28170
30772
92587
2948
11175
13873
93035
94786
31898
29527
7917
54535
15830
77468
24401
50563
78901
37686
43862
57472
8420
16665
20908
8208
80522
7919
13873
53505
28370
7867
29287
91333
90384
30527
22938
501
58444
11564
99108
76128
63276
17419
85896
88226
10742
38936
15992
61369
15991
56385
43668
54921
96250
98205
29931
2217
2235
61652
35798
97594
80394
95864
65085
41938
99371
56393
32833
89286
65580
57050
51501
17157
14275
7302
46529
496
4829
31442
80379
59558
80323
39195
93817
16473
97897
39874
41459
5559
57605
32078
94740
78497
66851
7859
27491
98795
18639
43998
99249
42309
3336
51565
45474
45372
91340
16127
35040
48205
83295
15566
42079
51181
87372
76122
59336
26935
77464
84795
29172
39100
90375
52504
40540
9901
6208
78399
80266
53724
89078
77125
91375
77651
32969
29843
60156
51915
9897
90864
41146
80622
67682
13001
7577
579
47314
36526
27175
28621
55197
66507
2301
87140
98170
52578
90016
39605
27804
36648
8553
36032
62172
79225
30342
51437
9311
96186
87596
90815
84
93173
49444
15723
59841
44982
47817
92360
37164
38202
56885
84250
76157
97348
62571
38368
97022
81792
31199
46399
36299
21192
53424
163
37398
60618
9998
18479
8394
10480
13168
21712
57456
4439
76443
1410
22083
54732
69510
38799
29178
90036
18627
88098
33991
39742
87227
305
1997
18377
73089
15872
36566
3142
70786
70033
26524
56455
94118
50252
27550
10051
21458
87639
88034
10458
37645
20268
80639
6351
44256
64940
18543
3116
1922
32632
38978
55804
93010
38422
75878
89090
28076
68449
51055
45655
39396
74318
39300
57440
11061
99834
38715
59937
1244
21722
85180
79638
3677
99925
41000
40066
30790
74068
31608
84831
82644
52071
9382
43387
65403
99830
82910
23915
27710
78677
64412
53642
48406
98680
33569
5522
67944
22705
16179
95472
21062
90701
64050
16900
17549
20081
69320
23693
21172
33964
93735
93543
30521
88135
90488
63037
76900
55884
30962
68817
7054
65369
19005
27893
92533
9248
64874
65168
52140
72956
88966
17256
42749
5832
94186
83760
31660
84916
15376
79561
16131
12994
6273
1855
72202
77362
13594
35722
28691
69958
29602
95229
83045
42100
4282
16753
37283
88287
26147
1100
88197
31633
25377
99836
75620
4418
54035
80209
14245
83060
28835
43697
51303
50365
116
261
70887
74687
49708
81436
4190
9885
8177
45592
88414
1809
32040
49716
19922
46566
198
85771
5132
25291
78073
45217
56093
19055
495
85328
45641
15594
76147
20457
54110
87164
58706
62779
27081
70385
94695
70652
84173
66901
13929
84987
15951
28950
18045
30555
219
21491
66428
91120
90030
3579
3060
73015
76345
7959
16196
72389
57161
9115
93770
57314
35730
92381
82183
43289
72002
73346
94048
64833
85864
41685
20063
80911
4669
32412
58291
12925
69205
27878
61846
26510
48152
66507
20913
53629
49412
14015
81788
25507
25569
55776
51264
71661
72679
51554
52942
49068
51597
71733
14523
9272
15142
6004
10818
88488
28262
86430
44294
56879
12496
88802
6699
13894
20600
48809
14471
73914
39450
47639
59418
2292
40107
93902
49117
45401
41222
29755
96204
76617
66562
45933
23515
40106
83492
69831
17012
63297
86342
11885
21353
61575
37025
22127
86762
62747
98902
17850
24375
16698
50792
74577
28321
3437
50912
40953
51723
45155
37751
26553
79378
15326
82378
94645
58093
52880
18549
89152
32978
76861
98494
36194
28900
78445
68117
61898
28762
71168
70367
79676
57707
81130
64515
9240
34367
93808
50608
14302
10939
33504
24459
95284
55939
59173
91862
32659
6087
65015
72868
58208
81982
24706
81547
31326
31629
68818
67836
43938
27661
78276
33665
30317
28587
14271
7595
13881
54624
29472
62761
91233
22893
72493
40858
87841
94186
91796
59675
43524
25049
74055
41108
84811
14933
71442
55907
90648
54674
41692
1958
57058
71517
17575
56339
25459
65521
98012
39261
37109
97449
15703
26187
65848
4816
95786
25332
70835
1793
74081
53170
76919
75536
54305
60203
25137
88321
49581
90383
13866
68439
22892
44898
93640
46418
15352
2730
55685
10312
77596
53317
48479
72837
47398
99998
19060
11963
84033
65016
47998
93223
54117
6522
28094
13283
97349
15944
26299
5054
47120
76053
71223
43734
57748
4324
3396
38517
58476
28867
14412
31410
61433
30707
16712
78735
22038
22521
95099
66611
96744
39404
73905
26770
53137
33757
64445
39997
54677
31797
86852
79314
53695
70320
10530
93860
87067
50049
69168
99268
58232
92532
87307
93085
51385
77509
14485
46282
82242
32081
73364
48662
78907
23641
97872
23613
44687
49545
98286
94381
26614
46401
72184
91655
68112
20837
27615
48171
25654
29905
62041
7374
76515
65530
60448
78475
65484
69310
74166
93619
87871
46189
8534
5815
68437
26629
85979
96142
74717
21458
43806
9245
54868
49273
71996
50089
26115
57649
57165
24321
4340
41723
87194
63101
86655
74551
89919
76943
43739
70194
69625
93876
27260
28574
61269
21651
69511
66159
6619
21718
72307
36636
23245
51344
23210
92349
60296
96986
69697
76058
99279
19578
19544
8580
99781
52201
73363
21025
40620
15220
37564
65074
23570
28952
15658
83489
94628
11885
59932
88163
56054
61200
47786
10923
75861
60012
58397
56269
40109
25319
62747
98159
13669
13978
55168
83164
25283
54239
45272
53814
35384
47748
87251
75882
11404
54124
66522
6759
68113
1101
35455
51336
91745
70859
93769
56052
27320
2895
14469
84444
41942
40532
3983
26529
3597
42776
88817
82989
47569
1405
23592
9236
78743
68294
23863
31385
19432
11787
24296
276
46084
36641
89838
46354
37037
70557
15526
58072
90515
58850
69355
87249
95156
48972
9017
38282
32435
62183
66669
19023
98579
55275
31561
77356
35278
84229
20601
32402
33230
8938
88403
29479
40268
3828
25016
41904
19916
42934
86185
56972
84915
52185
39620
12338
50338
42571
20125
39363
43006
81618
23230
43645
11304
62960
75868
12299
51448
34953
26661
85955
11621
64939
53655
88730
92208
54278
83080
63763
30404
16382
86587
64346
50776
61717
15079
13553
26360
32509
27988
98412
46751
98994
49023
6720
33038
81948
35491
56842
55980
34435
26439
81634
18613
45826
92233
54363
85150
13422
52084
82339
28592
97933
80018
72002
99190
38515
90374
23297
79047
46690
8951
29305
59013
91970
19770
91729
87772
39160
99122
38517
51025
30807
46790
81234
62976
33688
5759
31013
10976
29119
8018
7536
47200
58372
87262
79802
84553
46352
856
75470
33512
54089
922
3244
72788
59124
67153
52572
36882
98082
80266
67899
6997
36651
50826
55817
70867
10440
10580
2820
31553
82476
72266
47961
55061
43827
56738
74022
4870
82589
27971
89043
22121
50162
46456
79866
69919
29642
52172
59931
36922
85002
55213
4456
94991
96188
12712
44096
63042
85697
87681
12036
82614
2351
89800
75063
59761
24561
47684
84058
28715
2568
48869
47222
21653
69326
30212
730
54832
83393
17153
91461
9840
6963
43260
96064
98109
41333
15576
98730
36545
14514
81243
61316
34734
27104
39565
30111
54033
81541
82811
27216
26275
28234
45765
4769
31081
98912
88926
70727
64969
12828
28481
25120
38964
94543
75731
74648
8167
24768
84055
59020
68473
680
23134
89058
28250
47853
88375
80647
25270
82467
11251
6111
36751
55457
57329
21461
85387
64302
27556
16301
10522
72670
36253
54582
94940
48410
4976
48132
83971
57697
89880
24164
30453
92436
82017
14348
65353
76249
86274
39028
70326
60435
56297
20454
33505
72798
25870
83355
54148
85269
84055
29905
53851
10343
35287
67944
11717
78915
50419
35085
85854
32869
26986
21278
64892
43424
92200
71186
25874
1805
743
35691
27710
31781
67468
11508
41963
70941
63441
35003
38573
56043
30493
44341
12701
91763
61600
78614
33266
75792
37338
22421
31468
6535
90910
87724
68009
89978
44571
7315
80615
32337
55115
73023
71291
83716
46010
91229
4882
58818
57991
3916
19769
12843
93471
63565
7325
16360
78612
89095
25254
35119
57661
95427
24544
6306
85312
21131
37953
25254
71647
37054
41466
1817
63490
97914
50940
31543
92992
6215
6262
33458
1435
77612
21375
57358
78032
29116
75751
67933
73728
52424
19057
44681
92805
83369
19958
45418
55167
22394
190
76177
66810
76914
93422
30485
95984
26458
39973
79720
49465
65449
89386
19528
77716
86287
29439
4966
90869
25531
40760
30090
12332
95576
51802
48800
61907
71323
20755
24140
8642
20582
85478
83098
89273
14291
78893
13117
11717
87632
67718
98302
54826
98065
93158
50624
67846
17165
29326
84565
24725
8593
88368
55424
15999
21130
34393
62749
68836
26818
90374
42340
99113
6324
11627
40449
16649
82839
50866
31303
5396
90723
62099
27336
19446
61275
85346
76216
70822
3881
70969
12600
73897
30154
29703
80478
41432
97542
77430
67939
53722
14584
42481
21254
8351
60134
56094
59316
4635
54458
51830
89900
36504
76918
43000
89255
97813
75363
20769
44494
16636
82918
31696
17421
36040
82461
51632
96001
78455
53656
62459
61049
87818
16154
1137
53750
49599
79081
56203
99146
14063
44807
47307
63637
90011
48650
31547
30316
15844
83770
91582
33073
90987
4751
63082
45411
72299
30187
65518
99475
77257
3891
55065
64909
84264
18949
41710
77266
76726
3740
59593
31536
7649
30900
99234
37881
52594
36005
41805
83218
11932
56785
15500
9186
79666
19522
65220
65184
49436
71934
78617
72830
11733
95812
74279
27540
47739
50363
72864
24891
52740
62398
14254
93219
67665
58599
5026
59494
4871
76235
70146
31503
49219
46522
68372
46686
35523
85187
53093
16009
31262
33474
60491
43727
92811
5675
31710
63953
6346
84198
32644
90668
71917
72700
45216
90839
87434
60438
58606
91439
70248
8843
23582
90529
1618
92041
59043
45335
15076
30734
63989
65791
42495
24962
13166
78346
42349
34758
26385
13570
64779
44410
72781
49257
34870
78576
57349
67457
10001
20672
12575
94810
28654
50012
44068
9719
53869
44332
61604
28023
42366
10459
12028
60616
3652
89560
16089
81426
38294
32637
62019
30719
15744
2308
71410
16601
90401
26830
60056
97867
48407
71050
45287
85752
73060
75523
51112
85484
14583
71173
58270
33222
25246
27950
24673
11506
61164
1815
64795
48703
79960
3466
41286
52622
89671
39862
64172
75594
41742
98918
69605
96304
15374
85777
38168
59257
37222
29469
46974
17593
82265
5984
68209
9824
56421
9333
80168
280
93730
67542
76005
54407
85109
93931
14967
92740
46816
10161
85707
64418
36757
69485
75711
77014
74022
27150
44731
77272
79150
39278
43507
49052
87503
75769
9327
92835
25369
67339
26636
69194
36073
34752
62459
25945
87166
3408
84003
40981
13263
15506
86497
30433
41371
4567
72291
72577
24401
53153
50781
63259
32616
25656
89713
24546
96045
82305
31395
88129
25369
46514
57231
37793
59734
21682
38182
38707
39394
95282
55735
56327
21743
70125
236
78826
23441
95383
50810
62420
48462
59092
27416
98748
16999
91560
56803
3867
29779
52395
99729
5070
39813
72892
90584
9504
33448
78387
94893
34323
23060
20335
22699
57842
55925
93066
47039
46018
86213
97575
552
4875
97671
54069
59852
32161
36490
42390
95119
50236
59177
23390
27604
71249
23540
45125
16807
13144
18864
5025
21296
85049
10689
97678
8916
87190
83661
2243
16910
70913
319
96961
71763
29301
7638
10569
94312
29557
55467
71379
35549
93758
85923
70264
24859
1854
75639
6705
75341
59975
82661
36470
57537
14030
82575
98373
74559
56292
7923
8034
98185
23499
64736
95992
76805
96478
16169
76661
39600
59949
3894
70536
90097
2423
14098
20236
96258
20761
40808
78307
95189
99781
85615
86157
55163
32824
5802
55384
83487
78052
46890
1160
71905
99619
91892
44709
65822
86954
91146
80978
20951
75896
3351
54557
41913
82652
88267
69644
63211
88621
69135
71659
85961
98000
62224
35489
45123
2964
13601
4181
9605
83566
33069
4166
25510
2796
66606
79803
75778
73679
33938
18374
43070
68943
68519
25759
45781
35337
12589
5315
43669
62726
30364
49159
79498
27863
68895
9002
38681
61812
78903
38482
3318
11276
51564
43696
8491
43969
49209
47093
90081
90775
68188
12028
72174
6570
57410
7967
10299
95779
58870
68856
30903
81380
75587
41212
3647
7784
91609
51531
88045
85844
44632
25387
35554
87765
39615
80749
7794
7429
61482
37589
25560
57740
37832
76805
49574
56235
59011
98313
7770
87189
58160
62330
14645
16378
216
2460
56763
84479
14977
83421
99545
48994
21476
12699
54566
90343
46255
75245
9571
47328
29104
53842
82434
37122
53172
46329
84052
19583
98495
75050
94362
72189
27797
42383
83755
8803
49316
11666
29494
29136
14439
11774
30025
66049
4764
50764
72379
13722
32013
6911
94909
24830
43751
41993
52386
26059
90733
25220
15357
54517
90189
53485
73968
63870
12535
27549
11991
50642
80841
17045
74515
50668
61817
88047
18003
93402
89372
55800
56672
74732
44991
22149
57547
16746
80716
35498
43282
864
53543
99303
38260
53136
75996
29315
50887
57244
84306
4587
34856
12181
67245
89006
58015
78296
35136
18776
42393
26135
34901
21596
64138
17434
22518
21440
19601
32203
50035
55330
75486
25901
72305
28408
36869
85891
36916
95017
93525
46704
79453
40620
37692
2011
92562
45987
79086
84536
28474
3565
25346
31265
27543
56671
47695
17313
5609
26685
42608
72858
16667
4670
62027
29717
91764
86555
83540
6602
82260
47954
97767
43914
12574
26281
45383
41048
32216
9545
53505
7025
52211
84923
95066
41126
62009
87754
52329
73656
12743
77490
3773
50806
18827
77874
91914
40376
31034
90563
73568
55533
24150
92792
24798
9764
22927
73766
39895
56177
84790
49355
74990
72991
45667
23923
28898
4978
1440
89873
85682
62324
85923
46514
87697
31824
62505
58306
58203
50147
44303
37946
89339
40745
47023
75932
91765
97735
1137
60524
47232
62532
95788
27902
83934
51848
72397
57687
84566
65809
24919
46813
99955
89793
32505
86046
20714
63418
41807
80593
89997
1898
57394
21667
18937
75730
54462
51587
83969
73923
82585
44375
7393
71875
72875
89666
16771
35198
10346
77891
93120
78390
21094
90716
65506
18212
91521
10336
10021
89572
33245
69903
60715
42190
10665
84319
45362
89436
63719
74093
15297
12067
84422
50562
29007
64548
62551
11850
29175
50434
64121
83064
98426
42492
92002
23441
20638
74836
25544
5674
76978
26261
77684
4904
42015
59072
29436
76929
42221
32013
87841
48075
99093
62256
33387
95630
88707
74834
9022
76233
48478
61037
93735
80765
80928
63093
96004
31824
16148
11391
19619
56666
42127
48249
55039
98181
28884
37559
46832
50947
75159
41308
76438
40032
93297
33670
82473
9133
92728
89673
69308
63956
1600
31562
5086
13078
68652
13028
63902
26678
88966
18903
54144
1919
56617
4471
76261
42663
92894
84896
59196
84073
15370
42969
71821
20441
46488
76428
21671
3846
34577
54229
10297
38488
61551
35866
55807
66704
82552
31071
22467
7334
47071
91143
62770
16110
9537
36295
95106
24128
12958
62715
7585
78906
46660
4672
81224
98570
62650
68153
73916
3076
9671
8304
57243
56080
38497
31338
24954
34096
74819
63806
19179
5161
40470
5404
14630
59747
32187
75169
20739
95358
41615
90057
71820
55245
55631
3434
43750
23131
64800
98885
17853
50230
70693
34365
75188
48720
58886
70347
14725
93013
86880
58131
53459
41612
80405
97598
76810
18176
74665
78830
73200
81014
83075
55100
58519
44498
33342
89748
56885
85112
75949
32393
98351
38331
75202
94429
15377
80835
1732
65754
59900
47360
46657
97491
1253
39347
79009
97671
30827
57094
62787
27026
4738
96186
76527
67514
93270
30645
52221
74965
56942
75028
1239
6293
95005
99819
12985
21011
40168
14630
97672
87268
21078
9677
21923
13004
64129
60602
4674
61838
68331
10422
12911
18620
88268
90153
54830
79202
41395
44932
77232
2328
98632
2652
88360
13663
29335
10943
2014
96018
58582
5063
4437
83028
36783
70924
71387
58351
58847
86825
46562
52098
56020
48581
48249
75387
16101
78876
86814
31265
86539
26378
82497
96279
73135
91988
96456
32298
80245
69464
31897
45310
64235
17409
95950
76688
6790
46206
78193
13571
27358
12904
21419
12907
27511
86299
33817
43850
4601
40600
58193
6585
97457
87714
15607
57718
69683
92594
15409
13186
1200
12391
55815
32215
13740
76674
14678
61245
39751
47238
26823
33236
54975
82530
62071
13908
2228
40424
53438
37216
38799
14507
83827
40006
17494
37823
64752
92449
4911
45782
80066
97277
85408
28430
49101
84598
39241
60851
34585
81696
92422
31821
29884
53315
33989
12089
19588
59203
4720
40279
16446
51686
6762
46541
87466
65213
67386
83282
38679
64676
44748
58188
23655
46409
43206
13691
73806
87528
6466
49893
66762
60483
83104
87598
98970
87128
37767
24376
67547
45253
65001
2532
462
81877
35189
88433
61334
95390
2712
81820
38896
83646
55507
7062
15320
26415
28341
69196
63491
39976
42853
12060
63517
94250
51091
15426
460
63053
62796
26170
72174
34546
18756
35553
86083
45710
30648
57031
94147
49301
58087
95185
73318
54649
53538
6628
32905
48145
65157
33272
23761
74058
52388
6650
15221
78294
16012
47626
57726
16589
51242
53410
48720
88482
92605
39615
89358
21279
10102
28386
57813
34100
3106
26189
39596
22825
66922
95764
29472
34277
88121
29265
62694
41399
16217
45380
25746
64060
91228
62916
9881
74744
49546
90046
97604
24521
48837
67513
54410
83688
70719
47863
30590
38570
34499
28146
18810
88368
88711
86545
71457
33856
96556
11193
48466
4094
18177
29070
85264
98962
53715
37084
23835
79124
60053
6219
74437
9140
51677
78695
83141
36956
83800
94857
49469
64359
49593
24731
56862
31207
40475
41912
91412
87648
1053
80703
29480
34268
4029
52832
54414
34005
59537
5011
87595
30849
48743
64806
18651
10155
51066
10126
32166
4276
33592
34649
21886
96857
23335
95687
50339
69669
24736
44234
90352
30947
63916
11666
7125
8976
76894
40617
18480
81838
55485
10806
29667
60389
49345
58812
32510
73976
84675
97060
67446
38213
7736
58825
50204
12478
58485
66521
74246
39345
66089
60129
57807
53248
22649
71831
94665
85889
93442
76096
46947
10931
62994
25684
27037
7038
92070
87804
81287
77513
15851
34810
3828
55782
49416
10451
44281
90230
83218
40705
66857
51075
50836
14577
36828
28602
95957
26993
85207
50361
40281
31217
54775
82716
45033
90380
33872
40363
42455
59321
73768
43574
99683
42905
10871
90305
17949
73855
71426
27606
47610
58702
36532
3743
58854
50296
60677
58133
44634
92908
85302
70869
69209
60633
97415
8857
14043
82600
56215
61227
60294
15290
11021
84395
63536
39100
26737
2043
40685
13348
6142
72023
79512
24155
72770
66597
51474
15833
47325
15846
7855
95401
10177
73516
424
4978
55048
69553
5479
38827
45492
94767
48704
6061
62979
86399
6258
35394
82334
40069
24674
63521
52022
21093
46241
14373
54800
8595
37511
23066
25726
33416
47383
91710
94075
69190
33376
99634
67255
43879
84526
72396
3671
25916
83375
51293
48788
71604
9534
97874
1298
48843
54577
38827
41536
53833
91541
28926
62658
73833
78726
44935
82308
8541
21913
59467
43735
10721
45312
87669
85890
4849
93118
86061
35868
54879
26576
66266
19008
82278
38557
57558
7827
49425
61452
41330
79514
4873
64850
70802
30878
43289
25037
51203
86133
84105
19703
6375
7521
75451
11939
70959
25298
2499
82047
60408
83349
20096
58780
74561
75262
86342
61048
56767
97787
93051
27297
40434
48376
6039
5402
59167
93322
9393
92287
33607
85915
19817
20168
31344
50874
89594
28435
92621
33882
83536
34155
33545
1727
48189
71351
61385
66545
43788
90158
24671
91732
8993
99106
42191
70377
18458
89754
18394
39384
31942
40270
62547
88304
10338
13608
64235
32815
35988
41157
57382
14075
90612
99709
10057
2164
54708
2608
39269
6003
454
90757
21949
10703
26499
5864
32853
94783
89213
25676
28516
66150
89232
2758
3570
57986
30746
3682
46066
86780
80148
55442
84541
29870
7714
97665
78498
51002
31434
5685
51383
54198
23110
49789
7484
47365
77700
72342
7466
66276
7649
95962
52151
3709
55984
2914
89735
91071
21496
31408
86461
82899
82339
82612
60050
52234
82718
66328
40671
15347
83337
45233
65108
7631
49642
72151
61659
92719
92056
48615
81512
17468
52602
38494
68112
22846
60026
21483
75635
9138
31553
75337
33801
82370
94831
71198
88344
3182
47234
28825
43233
10978
22776
27380
61109
7157
73983
20674
26453
91473
33989
5793
26128
89037
89597
39457
8401
97051
7139
96062
76491
41279
2606
32938
59367
94625
70962
57877
92706
90230
3000
83457
32777
31506
67388
56395
39968
2312
72071
94169
64477
3053
8439
13318
81622
48157
79484
80615
21176
62971
24017
13332
51620
91839
63552
77365
51526
33560
42940
15342
54546
44551
84784
76689
26422
72103
30900
73498
89866
71270
53942
10634
65288
43360
90635
73265
40825
37963
51570
95714
16667
56134
63990
51489
44003
63248
58600
36512
20295
25434
8988
99684
80695
13398
7543
23626
51093
44664
55606
27134
66971
66834
30607
80791
85612
80188
58877
38924
6276
79155
97088
8473
6116
43439
23010
31030
55002
58491
26525
49016
34924
76586
9972
91361
43788
32039
28048
43837
5411
64773
91434
12846
53810
98499
71039
60945
93841
7225
59060
18107
27752
2360
68300
90964
46189
80924
70695
22161
52515
95571
96028
50375
93291
90885
88990
36357
85433
85660
79046
15158
75586
53986
93717
14386
4692
27417
76025
33194
82988
30566
34994
42188
35501
35835
34736
16666
7545
97697
11503
14615
18511
21390
31916
49133
64315
60483
71038
42914
97784
44882
75719
67045
80683
51963
37123
67100
19023
33925
12291
81361
26765
74937
43449
23097
69685
20824
57375
18791
69828
867
42774
39920
62197
29974
58471
77284
19336
97018
52939
1010
7296
80156
32934
1872
94460
67853
20247
88532
11006
59785
23099
17508
24682
73915
58886
82374
80794
15789
1343
13629
18340
86519
35187
24241
24134
78785
78937
97966
67821
69699
24828
70461
4329
39392
75685
48930
79943
8198
58840
94254
91117
91235
35516
32723
47382
11000
52004
5797
72450
50944
62139
93905
55028
8285
739
10825
37727
69088
65046
22034
48850
9223
24467
91130
41062
3272
44181
87596
53279
83796
55978
6279
67570
10477
52121
63364
90350
58685
70622
61324
43400
69242
59351
42035
26009
90259
17113
56844
76651
67165
54845
84026
41232
12846
47787
84390
57148
85028
40800
33225
67958
49578
19210
25408
7652
40933
56621
65841
31323
57527
14755
97015
57762
41835
76151
83228
82708
89656
59654
6499
49546
17868
66219
36807
6363
24426
86317
87750
68640
37769
21135
7394
12813
84804
59294
31190
1633
63139
79129
44400
56783
57605
27125
16070
94256
42704
42713
81999
87298
4844
62672
18356
16621
73360
80633
23975
29510
26901
69206
23671
94192
39230
36852
25019
24346
96970
64238
81473
83536
75582
38072
83448
75618
82404
4886
31238
97920
85974
29838
10382
14964
11441
28248
88399
83896
93685
4892
34331
61904
11223
37093
57925
72986
8101
63549
7
600
17099
62307
95347
15234
36896
50822
56684
1721
58770
92193
4032
50176
11235
74200
38824
28489
72300
54995
71662
33857
70227
62985
63976
35065
20845
25782
31033
26783
13186
5676
48567
93261
15286
27821
51840
65644
12346
89855
34409
12645
26952
28757
72912
96277
16937
84372
38781
6377
66278
57304
94227
32005
47777
19503
78474
29222
75205
12040
13072
60228
23378
42508
21685
68875
80971
35704
43557
9946
58782
67737
86988
21715
12507
59093
12114
50066
72325
36291
87221
40563
23772
14995
99271
4019
515
80695
41316
19134
49535
8421
59889
17103
60567
81895
18722
33329
23503
39692
64885
5131
13922
70625
68990
28855
50776
35265
88022
69648
54982
25087
74107
67618
3108
38512
93707
74265
39350
91986
93955
37036
79644
31441
10668
37557
58767
83126
76118
62727
33277
57821
1862
39422
65805
14063
82859
68351
42390
18388
70771
43687
42018
1499
34590
51891
61349
66488
30160
29918
10948
49298
83931
98206
23192
87094
56445
10399
99613
95303
11461
39984
33769
71148
50753
80517
14905
16422
49634
41378
4897
94905
15309
47950
37151
61115
23178
91434
49474
81389
62246
62234
61089
99139
87316
8609
51322
12718
42921
28126
70039
83518
72221
68869
33283
48687
27120
22806
61098
26263
88602
27699
67102
31689
54265
1336
67019
53353
62853
27286
68223
52215
84799
68393
86840
41926
21464
99353
2626
52621
83725
35914
26308
94827
25750
61723
77992
44824
91249
87156
41842
45896
8838
65341
71986
68868
94866
92430
51898
76158
85644
24293
45063
19356
93801
71727
78654
52677
26876
33690
80700
61567
24168
76640
32752
62526
24858
30765
49090
41252
14633
68345
4312
40372
6457
7540
69175
1315
70128
29008
61303
19160
44643
20879
13088
73142
81165
97278
50573
11024
68234
99925
60274
33690
14341
73786
43498
61515
16994
83217
14865
25857
15316
50493
46328
84006
45276
96730
98183
14428
33355
35114
61757
10986
89049
26527
91343
21226
68544
31544
28550
67392
3721
49913
45572
94644
30764
82073
22441
58756
5331
98768
11504
80081
76265
11130
95352
31059
76166
82995
81556
543
55063
24310
86403
17519
89465
8298
56235
43655
28687
69462
3856
84204
13615
74098
83603
22226
53268
42140
2875
8734
78580
91340
68319
67892
28512
57460
77598
30067
38787
40252
80107
40473
56164
48826
41552
72020
41592
78164
70828
37471
51971
76194
41060
34962
10326
6659
99267
82163
69536
22477
66360
74719
89260
35895
56846
74865
1378
58592
56907
40872
82066
33877
76336
43341
6044
66749
63337
44170
33836
45918
5825
10690
85135
23481
86218
61016
4665
62201
32421
74235
76271
50636
48328
98137
564
40035
70047
9368
13250
2519
65091
83372
98721
51375
30661
33183
30359
4500
76938
20817
83528
22506
73895
41635
64661
29340
33172
38558
75254
16998
66032
66407
86466
33374
32402
24467
19075
70430
27964
43379
39064
95537
88224
79110
94081
90349
12509
63549
87880
10060
9295
64267
19317
39298
66219
79839
23854
2556
64358
11260
74327
48316
45146
75454
6778
14441
22119
67350
47071
20150
49863
13223
48618
90009
72366
84574
96559
38037
84569
71909
77654
28635
75997
85017
92185
97848
1448
7445
18617
51279
61791
21034
46149
8790
83367
17468
41953
85964
56553
82677
23325
32270
54047
83625
12513
76719
40900
56988
38563
80730
8228
23443
46178
87745
4195
1971
93091
4519
19032
62023
15031
83798
31462
68357
88423
22029
64638
80250
33332
730
41531
26104
55946
37350
18297
75287
78968
11059
30608
36808
13683
60418
63993
91742
41209
69167
74256
88945
336
76114
47060
38899
10355
46304
50164
33220
22337
15393
59411
6692
94586
21624
40819
11462
38621
71550
26122
46395
4410
66910
93880
21121
67135
1314
44142
74620
85760
2697
91463
91116
3859
6988
79103
62931
17307
99937
57274
88570
79376
27084
85544
69279
70453
42678
97171
55361
31691
6822
47429
58124
59768
87678
12764
72057
1572
90385
42300
49833
37278
1404
46619
88017
62837
26676
38980
98894
16312
46887
33039
33520
26658
2520
87317
71635
32079
4427
84792
72666
75356
36804
90080
69858
75627
56786
16770
4301
77348
52425
70933
23462
81325
153
80974
82041
728
20021
22502
70840
43281
47310
64095
11802
82459
72946
65252
25907
68336
49478
70504
5096
80767
61692
44090
54965
43771
91650
71342
55109
69317
81543
85855
70355
34537
46641
54777
74418
85520
19200
17839
71665
20948
30975
76655
83972
80531
77086
75886
17450
32980
32401
62099
83958
6919
73305
40384
43064
33378
99538
80335
58914
29035
298
40342
65327
30303
47551
55551
3280
844
70380
98710
16527
3270
10571
11231
75505
17204
45204
83559
17075
35455
64837
12700
83835
59371
82574
11682
16810
95039
66546
30910
85131
77963
74348
89136
67541
64478
72733
5824
64660
91450
89821
52645
69647
2875
65386
12637
7094
2565
50259
63800
36830
24545
17567
81584
87781
32778
9780
97604
9515
46751
75836
35765
4022
84161
54729
19747
49701
23484
43913
55810
12534
66998
6980
65903
43853
93012
72494
14083
12764
82148
41924
9741
48489
10387
79294
49476
19402
68093
7562
52692
23352
38555
55295
2158
63480
48972
62333
60109
90951
78462
27873
50112
42403
16142
99657
64846
59360
75290
37856
34751
80533
18694
70692
90945
95193
14063
57781
80700
54624
84227
58707
49297
29950
44038
80443
4174
57884
74674
73071
39740
10327
15114
7040
34832
1816
4009
44695
79498
46325
40501
32702
49282
39139
90046
81239
56321
36530
51255
45322
74005
58892
94158
5979
55609
51792
50641
85979
17052
11654
2378
47765
93264
70187
78601
9002
93809
70571
61943
21624
4395
47026
32688
98578
12909
44672
4964
32608
33597
79501
86801
46646
85088
20532
29087
73134
82567
75563
39118
47194
82789
17574
15801
67835
68685
31893
93735
10177
89215
52632
64538
35258
73875
77627
76805
48223
69464
13897
35544
70082
10641
97677
1511
19
72819
70631
73392
81179
5108
26176
48646
21803
16585
13568
67250
73614
28721
89105
29371
83081
33381
12892
61936
10537
25437
15838
50549
32907
55730
79185
22389
62447
79428
46208
49485
19612
82111
38781
48924
78285
13123
96348
80010
52914
11309
41395
28591
30708
32922
54200
50531
67467
60113
87171
16974
71508
87272
53741
83765
11111
30162
84130
31426
28359
71268
68182
99848
90532
81716
42436
28619
81911
1347
26098
34533
41015
37701
36474
99237
19011
28854
39638
16099
50131
16495
65011
93128
85659
87544
26985
82118
20807
57805
375
44457
74610
537
50588
65292
62179
68548
44552
9496
23504
63534
48918
31682
36466
63357
7201
15146
4133
57270
20407
64532
40116
70374
77820
18897
24225
45377
46964
19669
76114
61454
84262
12237
10280
19978
76347
8124
64142
96778
54963
14491
36444
89296
32511
65255
71271
9447
91729
59038
16694
9277
61599
236
73369
853
49211
27364
93613
942
16069
10013
33933
5974
50333
33219
95966
3707
95618
28231
25214
51301
79484
40177
66051
65492
55454
65092
27050
93766
74118
1023
82247
22851
68627
69480
74411
6850
48006
26417
34718
97387
75043
61969
16190
47008
59054
8082
91909
90602
3074
59427
80607
64005
45783
77930
76931
77228
52989
83772
49289
18039
96834
95474
69975
39102
67317
52479
35175
88912
85735
56324
67677
85007
62983
60924
28936
37067
5237
13934
10557
16890
70639
14891
80289
90418
7884
38606
52913
29382
79827
78307
65204
22377
84717
44039
25999
75181
66017
34854
98726
61169
194
24982
91168
64622
1589
44487
38732
35834
61696
99
54130
58766
52918
11747
17386
21586
81682
66218
64598
73963
3162
90227
14312
98079
49181
65397
95124
35610
77708
4654
71809
15986
28406
72366
67128
17476
48329
44359
87563
915
66275
56142
39508
49882
42286
1061
62632
4372
41541
19456
66592
47164
3018
481
87647
52783
82678
16878
60276
71472
31906
13484
77369
23773
18609
37398
53429
8483
43054
11250
50013
46358
62499
89654
82342
22518
2170
110
87377
71041
66879
14979
96144
84246
40546
95506
91049
95975
28888
69876
18522
81262
11404
29239
50217
29056
79993
4958
89739
48985
21762
95962
9762
58566
70543
72481
58187
41982
18396
93250
66375
60458
68971
26210
73596
82385
66772
19936
82834
89996
45912
52310
93364
37105
43803
14337
2540
70318
16507
62996
17544
49112
87949
8415
13125
46404
86897
39370
40365
31205
88930
97856
95574
98194
29417
29805
34156
58619
93273
78853
98767
43117
36065
52007
61968
40317
7812
76522
64736
94087
59351
63272
70489
41399
97320
38702
5896
77504
48662
98574
61268
94222
66871
35990
62301
51111
1518
83011
11173
33232
5497
48231
45270
48580
41964
86705
28390
35948
2676
52102
59306
4140
5870
54027
54570
37670
32603
83061
76220
22001
1482
30482
75040
43711
57290
38135
8386
38365
10420
8023
27598
86098
28558
63319
67519
90387
44097
19529
38598
5680
39476
22573
52533
57655
62949
79041
90327
4695
67616
21324
92488
47610
10513
2572
50878
91745
19575
40635
98226
35470
11300
52188
17767
63724
64632
14916
78222
75496
33035
64229
33982
552
32266
12709
90669
76139
69702
80310
86054
81072
59632
67727
51158
15270
61688
76881
16118
66720
21683
53500
76787
12791
94895
99192
60687
4758
24359
11397
37795
10925
350
99631
12404
54520
18911
74541
78140
82820
49910
65578
82921
50327
96496
2569
55912
6015
22590
66690
76427
265
15315
18299
85828
76378
41699
99028
92323
29884
25943
82729
82429
79982
94684
97090
1241
547
14151
91325
88007
80538
80645
68595
23366
55814
53106
94147
54612
83640
1573
96997
54878
7764
40101
83381
39708
96261
41886
57778
40459
10894
8902
98619
44743
12663
39808
16560
70990
97718
49375
9256
25201
62110
75166
50582
99423
47526
78489
60171
61850
53639
78757
51873
21849
58314
44604
94444
99330
29712
16169
57772
3274
64648
66174
91191
37620
36532
88083
1614
69146
91897
60361
81289
96887
21079
97407
8477
51980
33992
88377
35075
46014
33583
72379
27250
79736
2343
55683
32461
43586
2391
17759
84785
1201
24295
39159
56914
16863
30724
60515
90177
43111
55105
67736
47066
93318
25904
45410
61088
96965
8702
57917
64216
59997
70977
53437
45872
15861
56777
66673
81760
90107
15318
32577
98471
85187
43406
95104
72456
10301
66713
9037
50495
3946
96230
81166
45713
33126
3030
49019
12863
75972
29661
64069
97600
17844
51109
55892
23383
7407
54704
65369
97172
61661
86303
13715
83263
69417
10009
90432
5858
43634
80920
18269
60108
37027
88655
87631
55564
79251
17557
44176
87778
35326
58136
47832
97815
55873
68211
3127
10395
44870
24368
43028
83520
21322
45442
92365
79499
37931
50993
15309
17107
57803
12930
12702
24527
95116
41719
73089
3595
34790
67796
5557
63205
92182
30770
73363
99965
8800
6758
66416
50257
33492
44616
12527
22312
14234
15063
88658
84059
60686
54129
10030
95205
49134
88492
47755
43325
60197
96442
43596
1231
75609
94632
71962
77978
92296
17249
53984
96438
79297
56849
1678
21856
23513
39798
41974
10573
19832
74694
7633
7583
43129
63658
50528
62618
53325
49082
52830
77087
76732
60299
47649
75523
28717
9226
28392
57885
70998
92456
80494
93498
58396
44327
39829
88700
31580
81722
83235
18611
59720
86411
86120
72938
55581
92034
13276
25353
86835
51587
79778
70574
48361
56078
5325
9861
48245
27495
47341
67897
95417
10436
58816
58911
81054
60539
6415
9220
69412
38628
1280
87194
31719
40925
22816
82834
826
25303
94305
93661
86714
53648
7386
17937
3287
10784
16719
75278
51759
56965
76418
54098
1325
88608
14070
85044
38007
75814
4005
79765
32597
10299
92038
56523
17258
44173
55353
21497
65253
39851
74372
99416
63245
75623
7277
66846
68253
19081
93698
87694
98314
39945
264
58848
89226
22972
69695
96487
56171
53640
70694
76747
97048
39464
84546
31078
44
14169
30498
64923
46841
25879
43593
80091
1700
80618
16653
19274
42926
74983
85870
18861
32886
10727
16431
58304
43039
10417
88230
42612
29440
84949
63730
96879
79499
21251
12373
63376
96522
82402
68428
66314
88200
22061
52672
4554
66624
92782
40687
84163
77051
45367
78305
23023
49463
16190
38587
73741
44871
20238
63563
53890
35504
50463
23910
6720
43595
65635
4858
17933
57808
93882
39602
65937
93292
6080
66317
97348
27021
34562
89408
14160
4609
83604
36805
68662
92898
8380
46783
15111
45731
96292
42513
37929
17237
25556
15902
75091
33578
96688
31776
69520
97536
42504
80820
29556
38248
88349
65737
46232
8205
54024
74214
88578
74941
77228
14179
77893
75597
74536
35074
32386
59646
44910
22222
19685
34858
60612
37340
40263
32055
60902
25964
94545
6470
11448
44904
75254
93205
52407
30209
94480
99852
24996
43577
43011
26466
15641
56643
58937
86804
24216
62147
70323
62787
4500
88384
22073
3076
61247
95576
43670
77809
6029
45495
67949
69573
23807
94919
53909
19922
2099
97445
44884
17727
92441
94290
32131
913
39708
67904
13728
80667
23401
68210
12741
46578
19455
59149
43057
80256
24472
81742
62099
4679
54005
31920
82077
89735
65135
15548
12708
295
49445
74881
70659
33962
40562
9232
78216
43276
9944
85369
52967
45235
29669
76149
3465
20942
29178
78494
58042
71280
95448
59749
39249
90492
24658
44072
47874
47665
53991
46216
77514
88048
6372
61818
49606
36194
52970
45554
32021
30167
49857
28796
19383
62627
77582
1289
69608
97485
17518
74840
20340
50721
5607
26239
50692
65685
21858
88282
52954
41369
45009
52855
45509
99722
61046
74202
38008
73670
20669
96069
38665
4177
93799
77111
38492
299
31598
15641
15312
97386
2353
12942
93053
56412
11112
67371
38197
12730
41961
14689
94927
96089
91963
92018
54805
5546
6385
62767
22137
63695
62277
33457
4934
29214
21590
97834
67709
52662
28398
90363
92786
75755
47119
24585
9737
19875
7755
72304
71917
95111
47454
28062
37704
96590
25232
52611
17845
999
31182
33289
1960
71729
33782
24854
71254
7841
23125
45219
98586
35211
38347
80726
23727
58176
62039
81834
56244
21493
33806
39934
21938
87097
60936
61313
64588
22966
93227
90725
29747
26694
35394
30308
44433
22941
9880
53315
17371
97357
40763
94151
3817
38588
29393
23119
51008
11085
1616
37202
1188
8290
86768
62542
74954
46814
88405
44246
54500
59344
25741
43817
41822
62294
90049
57766
23080
37193
89047
63817
81010
37657
84054
88020
90951
56151
57468
30597
6055
22950
25727
86662
67722
48611
80654
79697
48025
34816
19160
95615
30771
85236
58693
63285
63640
60784
99156
3189
63975
83212
85708
13673
19042
78571
41147
26517
32414
5595
83220
71952
45423
37501
51690
89608
30061
50969
76210
31405
7294
73848
29942
72454
63105
16585
66834
35018
89616
45035
23690
96756
30373
44324
69718
81682
75894
2697
19632
7455
41508
28813
44955
83383
31552
83365
4445
51133
55681
31792
42731
48751
83709
14529
89081
85299
11234
59841
12553
2930
38353
52757
64566
76531
86999
87175
54679
56940
81625
6441
2081
67228
36539
95787
25108
70883
70485
35088
9465
8391
92892
60746
20664
79913
62927
32313
80920
57021
32585
92689
13702
14685
8371
18485
47076
73238
24441
8029
70845
34059
14554
27749
95452
67680
4369
85401
74576
61651
39712
53078
72583
77546
70120
62423
4190
21535
79938
55634
75723
49202
2938
84374
67969
91111
87845
77867
40978
43087
64784
36435
11839
17919
93341
41161
38088
17726
43848
37511
37067
34448
71532
14517
4539
50065
61014
62245
45377
15428
90199
60046
89413
76346
72289
25766
22580
31880
44000
3902
70916
44798
1998
51591
7607
45250
61603
23339
92515
64079
98988
65496
86851
19941
4290
75775
27380
86341
87539
77049
89446
31535
42087
30170
28577
58290
28709
94564
22628
55697
8674
3682
78537
22736
1153
4970
60356
10998
75993
38175
27674
12343
10719
24630
63142
93380
30275
66783
64140
9386
13436
44543
15024
92397
44918
89492
56568
92170
38046
96726
51353
1764
76510
60643
88030
65194
42977
65069
61703
22178
51847
22765
88456
28132
87211
6092
76079
52126
680
15017
75006
7881
77982
85152
62446
40468
67418
50275
78588
96446
25980
15549
44179
71451
34499
84383
50614
30435
21061
43286
62877
12030
88569
68419
34779
78089
59901
9743
31351
63831
81524
53144
46087
35351
6722
67172
35050
81306
96792
42734
84867
29473
16496
83827
8150
58077
27881
53929
28190
24473
22080
54428
31459
69323
52735
70546
30076
28510
64823
23263
63630
30635
2270
11499
44189
54054
60782
48577
81244
75968
64184
80434
33475
91230
2499
15219
25829
47753
66033
44
87856
30242
33489
815
84320
74858
57889
68877
3201
99843
79002
60752
68240
79992
29128
27006
48974
73621
66910
52426
89826
19311
62360
35627
31999
90937
80115
19023
64449
63439
51195
95837
52092
46811
39966
16780
13398
36481
9235
15105
39805
9679
4500
26259
14104
39151
80565
50656
16643
63508
998
42944
4969
13295
51498
56479
94607
10094
56136
17121
44731
45663
42986
53318
29759
73200
84555
20127
36642
78095
29461
48969
97814
4632
89797
64460
53073
90157
79407
54863
29461
85158
92473
824
37615
37145
23707
51640
18592
86452
20398
99421
59861
48620
33922
15216
31387
22407
37089
99457
42037
55455
73690
26766
46664
99172
10638
27193
81680
19357
1356
61143
66071
81823
39973
79824
71784
38235
24032
2280
70236
57515
44838
71711
15080
51955
1963
23189
4687
85502
47067
17988
90641
66491
42437
73140
5608
35868
8861
71757
10209
1680
87029
56116
16096
75779
26725
81620
72539
48503
99605
79417
68536
41879
15409
40242
12999
3255
93716
63830
97057
81117
45424
95050
77040
29035
74427
70736
91970
37008
35165
82875
63380
95536
64928
46417
80106
99519
9264
44493
4143
79133
44580
17724
46161
8842
73596
55910
10795
97686
67353
30979
74376
4138
80469
60557
23004
36380
59925
8308
18952
3238
35888
45705
44000
39918
25419
35103
38524
58236
85827
50700
65411
21405
98384
40312
10634
861
90810
74660
12984
80219
65342
17466
13365
11839
26867
91560
77328
50800
6096
94356
51203
96182
17035
88414
47443
82249
16693
88983
8567
31573
75161
18227
16416
74609
83868
16746
12167
13789
26184
28932
90510
64562
80684
61300
68516
93604
7840
10167
59778
44302
63998
84063
97529
56122
85691
28478
83840
66429
41495
87157
19443
73533
81898
61661
54382
3232
29912
88680
47120
44636
28373
1347
6655
67524
57622